991222 51534.00 I  0.036694 0.000121  0.380852 0.000118  I 0.3668986 0.0000074  1.1106 0.0055  I     0.283    0.315    -0.317    0.298   .036610   .380730   .3668750     0.302    -0.281  
991223 51535.00 I  0.036656 0.000122  0.379836 0.000122  I 0.3658344 0.0000074  1.0306 0.0052  I     0.268    0.315    -0.308    0.298   .036540   .379730   .3658610     0.472    -0.271  
991224 51536.00 I  0.037198 0.000109  0.378788 0.000115  I 0.3648134 0.0000074  1.0226 0.0079  I     0.220    0.315    -0.336    0.298   .037160   .378560   .3647670     0.491    -0.466  
991225 51537.00 I  0.038090 0.000116  0.378015 0.000126  I 0.3637676 0.0000139  1.0793 0.0063  I     0.170    0.315    -0.359    0.298   .038060   .377680   .3636580     0.416    -0.625  
991226 51538.00 I  0.039086 0.000125  0.377680 0.000119  I 0.3626416 0.0000103  1.1755 0.0079  I     0.121    0.315    -0.344    0.298   .039020   .377410   .3625410     0.257    -0.368  
991227 51539.00 I  0.040135 0.000117  0.377718 0.000129  I 0.3614176 0.0000075  1.2687 0.0068  I     0.063    0.315    -0.307    0.298   .040050   .377580   .3613690     0.157    -0.135  
991228 51540.00 I  0.041223 0.000109  0.377958 0.000125  I 0.3601199 0.0000090  1.3147 0.0062  I    -0.002    0.315    -0.269    0.298   .041120   .377740   .3601150     0.014    -0.062  
991229 51541.00 I  0.042138 0.000088  0.378276 0.000111  I 0.3588150 0.0000099  1.2804 0.0067  I    -0.064    0.315    -0.227    0.298   .041930   .378160   .3588120    -0.033    -0.149  
991230 51542.00 I  0.042633 0.000089  0.378370 0.000110  I 0.3575820 0.0000100  1.1776 0.0068  I    -0.108    0.315    -0.192    0.298   .042450   .378270   .3575540    -0.151    -0.199  
991231 51543.00 I  0.042976 0.000090  0.378161 0.000108  I 0.3564680 0.0000093  1.0504 0.0070  I    -0.130    0.315    -0.182    0.298   .042860   .377980   .3564530    -0.260    -0.096  
 0 1 1 51544.00 I  0.043301 0.000092  0.377867 0.000099  I 0.3554779 0.0000099  0.9333 0.0076  I    -0.135    0.315    -0.204    0.298   .043190   .377700   .3554990    -0.252    -0.119  
 0 1 2 51545.00 I  0.043541 0.000058  0.377638 0.000073  I 0.3546013 0.0000119  0.8165 0.0074  I     0.121    0.294    -0.258    0.340   .043480   .377510   .3546330    -0.111    -0.079  
 0 1 3 51546.00 I  0.043598 0.000069  0.377408 0.000077  I 0.3538511 0.0000109  0.6813 0.0083  I     0.105    0.294    -0.271    0.340   .043590   .377270   .3538640     0.049    -0.072  
 0 1 4 51547.00 I  0.043449 0.000071  0.377115 0.000089  I 0.3532407 0.0000115  0.5403 0.0107  I     0.104    0.294    -0.278    0.340   .043410   .376940   .3532310     0.159    -0.312  
 0 1 5 51548.00 I  0.043220 0.000080  0.376793 0.000088  I 0.3527584 0.0000184  0.4358 0.0106  I     0.116    0.294    -0.272    0.340   .043160   .376600   .3527960     0.230    -0.279  
 0 1 6 51549.00 I  0.043235 0.000087  0.376467 0.000093  I 0.3523478 0.0000177  0.3954 0.0127  I     0.211    0.294    -0.323    0.340   .043140   .376270   .3524010     0.321    -0.157  
 0 1 7 51550.00 I  0.043508 0.000076  0.376274 0.000091  I 0.3519531 0.0000176  0.3987 0.0121  I     0.225    0.294    -0.324    0.340   .043440   .376070   .3519450     0.388    -0.121  
 0 1 8 51551.00 I  0.043745 0.000106  0.376139 0.000093  I 0.3515451 0.0000164  0.4181 0.0125  I     0.236    0.294    -0.336    0.340   .043730   .376020   .3515040     0.519    -0.046  
 0 1 9 51552.00 I  0.043761 0.000124  0.375856 0.000099  I 0.3511013 0.0000177  0.4845 0.0103  I     0.233    0.294    -0.340    0.340   .043690   .375760   .3510900     0.525     0.138  
 0 110 51553.00 I  0.043690 0.000128  0.375424 0.000094  I 0.3505581 0.0000125  0.6050 0.0098  I     0.219    0.294    -0.327    0.340   .043590   .375250   .3505590     0.575     0.344  
 0 111 51554.00 I  0.043831 0.000128  0.375051 0.000096  I 0.3498837 0.0000082  0.7484 0.0073  I     0.203    0.294    -0.299    0.340   .043740   .374760   .3498330     0.496     0.538  
